1 3077
1 1391
1 1544
1 1571
1 1827
1 2036
1 2319
1 2371
1 322
1 585
2 397
2 971
2 1046
2 1145
2 1345
2 1939
2 2317
2 2483
2 2850
2 3080
3 1134
3 1223
3 1350
3 205
3 637
3 1496
3 1787
3 1788
3 2061
3 2252
4 2931
4 2939
4 3128
4 2851
4 2314
4 2470
4 616
4 1135
4 2341
4 2342
5 2314
5 1307
5 1366
5 1978
5 2247
5 2716
5 972
5 1272
5 1415
5 1572
6 397
6 971
6 1046
6 1099
6 1664
6 1770
6 1939
6 2254
6 2305
6 2306
7 3043
7 2912
7 1145
7 2317
7 1381
7 1003
7 3128
7 1350
7 1411
7 1626
8 2541
8 2849
8 2202
8 40
8 71
8 1271
8 1517
8 1626
8 1753
8 2113
9 2849
9 1745
9 2372
9 2632
9 3068
9 322
9 1108
9 1665
9 1853
9 2020
10 1262
10 1471
10 1747
10 2060
10 2785
10 2895
10 46
10 320
10 950
10 1008
11 2699
11 724
11 1043
11 1358
11 1676
11 1860
11 1923
11 2003
11 2081
11 2091
12 3127
12 2246
12 3196
12 40
12 92
12 202
12 252
12 276
12 320
12 322
13 1223
13 1542
13 1807
13 1886
13 1947
13 2314
13 2559
13 2598
13 2748
13 2801
14 3054
14 2314
14 2716
14 2812
14 1088
14 1386
14 1886
14 1961
14 2337
14 2568
15 2944
15 1088
15 1886
15 2030
15 2827
15 3085
15 440
15 695
15 1223
15 1676
16 2421
16 2378
16 409
16 1665
16 2002
16 2003
16 2376
16 3049
16 972
16 1519
17 1223
17 2253
17 2491
17 1134
17 224
17 678
17 1088
17 1564
17 1676
17 1795
18 1135
18 1223
18 2138
18 3005
18 123
18 731
18 1134
18 1389
18 1542
18 1665
19 950
19 1468
19 1601
19 1613
19 1957
19 2060
19 2195
19 2266
19 2289
19 2401
20 2695
20 1961
20 2986
20 2289
20 2524
20 2568
20 2883
20 1595
20 2145
20 2722
21 2189
21 1135
21 1172
21 1429
21 1496
21 1679
21 2081
21 2263
21 2598
21 2703
22 1145
22 2402
22 1915
22 2692
22 2751
22 2913
22 1088
22 1885
22 1978
22 2004
23 1433
23 2216
23 2276
23 2406
23 2454
23 2767
23 2862
23 2936
23 3072
23 3131
24 20
24 78
24 942
24 1003
24 1051
24 1169
24 1180
24 1194
24 1216
24 1233
25 2318
25 2711
25 2741
25 3048
25 1032
25 1199
25 1518
25 1526
25 1542
25 1572
26 2320
26 2376
26 2541
26 3128
26 964
26 1108
26 2849
26 3105
26 1071
26 1805
27 1752
27 1960
27 2297
27 2378
27 2582
27 619
27 1456
27 1471
27 1728
27 1751
28 3032
28 397
28 1601
28 1846
28 2274
28 2402
28 2949
28 3069
28 2289
28 2401
29 2927
29 2200
29 3037
29 942
29 1386
29 1537
29 1538
29 1539
29 1595
29 1679
30 1651
30 397
30 1856
30 1926
30 2396
30 1170
30 1457
30 1591
30 1652
30 1697
31 2188
31 2893
31 2829
31 1686
31 2370
31 1088
31 2233
31 2568
31 2931
31 3066
32 3139
32 1504
32 2177
32 1145
32 3018
32 1905
32 2145
32 1847
32 1886
32 2524
33 1143
33 2697
33 1524
33 2957
33 3112
33 2695
33 2925
33 1347
33 1766
33 1954
34 1046
34 397
34 1440
34 1601
34 2808
34 111
34 503
34 640
34 1450
34 1524
35 1386
35 2645
35 3071
35 1397
35 1524
35 1886
35 1948
35 2164
35 2314
35 2323
36 1265
36 1012
36 1350
36 1768
36 2110
36 2698
36 2112
36 1453
36 2061
36 2546
37 2376
37 3128
37 2233
37 3142
37 2265
37 243
37 252
37 1307
37 3087
37 972
38 3087
38 1768
38 2002
38 2082
38 2184
38 2233
38 2265
38 2470
38 2705
38 2931
39 2940
39 1614
39 2178
39 1861
39 2184
39 2254
39 2341
39 2470
39 2651
39 2957
40 1485
40 1470
40 2940
40 2254
40 1324
40 1588
40 1626
40 2051
40 2184
40 2314
41 2849
41 1885
41 2829
41 1951
41 3043
41 3072
41 3082
41 1626
41 1680
41 1960
42 462
42 1411
42 1726
42 2215
42 2286
42 2402
42 2711
42 2741
42 2894
42 2984
43 1325
43 1726
43 2751
43 462
43 2402
43 464
43 825
43 1135
43 1170
43 1272
44 1002
44 2829
44 464
44 533
44 726
44 931
44 974
44 1135
44 1325
44 1366
45 3002
45 1194
45 1199
45 1681
45 2372
45 2451
45 2849
45 3089
45 2344
45 2812
46 1457
46 1652
46 1665
46 1032
46 2631
46 2990
46 329
46 1680
46 2451
46 2568
47 2372
47 1032
47 2451
47 1680
47 1695
47 2314
47 2535
47 3072
47 440
47 2990
48 3138
48 2314
48 3032
48 3067
48 3087
48 1003
48 1066
48 1135
48 1324
48 1381
49 2795
49 2307
49 2390
49 3012
49 409
49 1032
49 1514
49 1681
49 2288
49 2519
50 1680
50 1409
50 1601
50 1613
50 1811
50 1846
50 1960
50 2175
50 2311
50 2342
51 1613
51 2570
51 2714
51 2838
51 2973
51 3075
51 3156
51 3153
51 950
51 1468
52 2721
52 605
52 1199
52 1261
52 1366
52 1468
52 1517
52 1518
52 1541
52 1572
53 2210
53 1066
53 1386
53 3077
53 1567
53 1609
53 1907
53 2470
53 2648
53 2169
54 2470
54 2931
54 3031
54 2958
54 1033
54 2651
54 2851
54 2887
54 2941
54 3087
55 1665
55 1612
55 1885
55 2184
55 2940
55 3077
55 1453
55 1739
55 2921
55 265
56 1665
56 2051
56 2931
56 724
56 1471
56 1781
56 1856
56 2470
56 2645
56 2705
57 3077
57 3140
57 1278
57 1272
57 1469
57 2184
57 2265
57 2470
57 2701
57 2705
58 2314
58 1411
58 1433
58 1885
58 3138
58 1695
58 1066
58 1171
58 1572
58 1768
59 1700
59 1456
59 2631
59 2795
59 3087
59 944
59 2106
59 2484
59 2705
59 1194
60 3142
60 1518
60 1572
60 3025
60 1552
60 2988
60 2593
60 1199
60 1409
60 1750
61 2307
61 2631
61 1935
61 2451
61 3134
61 2711
61 1032
61 1194
61 1236
61 2722
62 1135
62 1359
62 1456
62 2060
62 2484
62 2598
62 2720
62 2979
62 1806
62 1961
63 2973
63 185
63 950
63 1265
63 1411
63 1468
63 1601
63 1915
63 2053
63 2060
64 1046
64 2051
64 100
64 106
64 143
64 176
64 209
64 367
64 406
64 482
